#Sources are unweighted and reference distance (in meters) is given in last column																									
Freq	25	31.5	40	50	63	80	100	125	160	200	250	315	400	500	630	800	1000	1250	1600	2000	2500	3150	4000	5000	refDist_m
Helicopter: A350	59.97	49.26	63.73	60.13	63.29	62.51	57.73	60.02	61.95	59.53	61.43	61.52	60.83	57.77	58.06	57.58	56.23	56.18	56.25	52.53	50.08	48.26	45.66	44.46	304.8
Helicopter: B206B	60.58	58.84	56.23	57.71	55.98	60.96	59.41	55.12	60.21	63.94	58.82	63.46	64.00	61.21	61.63	58.45	56.16	55.16	54.54	53.24	50.49	48.72	45.65	41.78	304.8
Helicopter: B206L	51.27	50.25	49.87	48.54	49.46	52.03	52.55	46.85	48.23	47.67	46.58	47.07	48.54	48.79	49.50	48.08	48.57	48.21	47.20	45.10	41.67	38.89	35.60	24.07	304.8
ORV: 96dBA	28.00	30.70	33.40	36.10	39.20	41.50	43.50	43.30	41.60	39.40	37.30	36.00	34.40	32.80	31.70	30.10	28.90	27.80	26.20	25.00	23.90	22.00	20.00	18.00	304.8
ORV: Composite	33.00	35.70	38.40	41.00	44.00	46.30	48.30	48.20	46.50	44.20	42.10	40.90	39.20	37.60	36.60	34.90	33.80	32.70	31.10	29.90	28.80	26.90	24.90	22.90	304.8
Car: 15mph	-99.00	-99.00	-99.00	41.64	43.79	42.72	39.77	36.32	32.98	30.07	27.86	26.29	25.15	24.13	23.28	22.30	21.01	19.51	17.61	15.61	13.46	11.18	8.87	6.66	304.8
Car: 25mph	-99.00	-99.00	-99.00	45.68	48.30	47.55	44.81	41.53	38.35	35.60	33.57	32.21	31.33	30.56	29.96	29.22	28.10	26.72	24.85	22.78	20.45	17.92	15.27	12.74	304.8
Car: 55mph	-99.00	-99.00	-99.00	51.31	55.33	55.55	53.44	50.65	47.96	45.68	44.20	43.48	43.35	43.32	43.49	43.46	42.87	41.83	40.05	37.76	34.94	31.62	27.96	24.47	304.8
Motorcycle: 15mph	-99.00	-99.00	-99.00	44.92	42.61	42.76	43.32	43.79	43.95	42.90	41.24	39.05	36.39	33.60	30.96	28.54	26.50	24.89	23.49	22.32	21.07	19.54	17.54	15.19	304.8
Motorcycle: 25mph	-99.00	-99.00	-99.00	50.00	48.40	49.01	49.81	50.37	50.53	49.42	47.66	45.37	42.63	39.79	37.15	34.77	32.79	31.27	29.99	28.93	27.77	26.31	24.35	22.00	304.8
Motorcycle: 55mph	-99.00	-99.00	-99.00	59.59	60.11	62.11	63.61	64.46	64.60	63.29	61.26	58.67	55.69	52.71	50.04	47.77	46.00	44.75	43.83	43.09	42.22	40.97	39.12	36.76	304.8
R22_APP	-99.00	-99.00	-99.00	53.9	50.7	51.7	57.3	65.3	71.3	63.6	68.1	73.9	70.5	71.1	68.0	65.7	62.1	59.7	57.1	54.7	51.5	47.5	42.0	37.2	304.8
R22_DEP	-99.00	-99.00	-99.00	54.0	59.9	54.4	52.1	69.1	63.8	67.6	63.8	61.8	62.8	60.9	61.2	61.0	59.6	59.6	58.4	56.4	54.2	50.8	46.8	42.6	304.8
R22_LEV	-99.00	-99.00	-99.00	61.7	62.7	58.7	59.9	69.5	64.7	64.2	67.8	65.4	68.7	68.8	71.0	68.9	67.7	66.3	64.3	62.2	59.5	55.4	50.3	45.2	304.8
R44_APP	-99.00	-99.00	-99.00	56.7	57.6	58.8	69.2	75.6	78.9	74.0	72.6	74.3	70.8	68.9	66.8	64.4	62.4	61.5	58.0	55.2	52.5	47.6	43.0	39.3	304.8
R44_DEP	-99.00	-99.00	-99.00	57.0	59.2	53.7	57.3	64.7	74.1	63.1	62.7	66.4	62.4	62.5	60.2	58.7	56.9	55.8	54.8	52.4	50.4	48.1	42.4	38.5	304.8
R44_LEV	-99.00	-99.00	-99.00	77.8	82.2	69.2	69.6	72.2	69.1	75.9	73.8	75.5	74.3	73.4	72.6	69.1	66.6	65.3	62.9	60.7	56.8	51.8	45.0	38.2	304.8
EC130_APP	-99.00	-99.00	-99.00	53.9	50.7	51.7	57.3	65.3	71.3	63.6	68.1	73.9	70.5	71.1	68.0	65.7	62.1	59.7	57.1	54.7	51.5	47.5	42.0	37.2	304.8
EC130_DEP	-99.00	-99.00	-99.00	54.9	59.6	52.3	54.4	65.1	66.0	66.8	63.0	66.0	66.3	64.6	65.0	61.5	59.5	56.9	55.1	52.6	49.7	46.6	42.0	38.5	304.8
EC130_LEV	-99.00	-99.00	-99.00	61.7	62.7	58.7	59.9	69.5	64.7	64.2	67.8	65.4	68.7	68.8	71.0	68.9	67.7	66.3	64.3	62.2	59.5	55.4	50.3	45.2	304.8
DHC2FLT_APP	-99	-99	-99	42.23	41.63	44.43	50.73	54.93	56.33	54.03	56.43	56.63	57.23	56.53	55.73	55.03	53.73	52.63	50.83	48.23	46.73	43.93	39.53	35.83	28.83	22.53	13.33	304.8
DHC2FLT_LEV	-99	-99	-99	61.6	55.5	62.2	70.1	73.3	74.4	66.6	71.8	69.5	69.7	67.4	67	66.2	65.1	64.1	63.9	62.1	60.6	58.5	54.3	48.9	45.1	39.8	33.3	304.8
DHC2FLT_DEP	-99	-99	-99	70.36	79.36	82.36	77.36	88.36	89.36	73.36	77.36	76.36	75.36	75.36	74.36	73.36	76.36	75.36	73.36	70.36	66.36	63.36	60.36	55.36	48.36	38.36	26.36	304.8
Cessna 182H / Continental O-470-R:Thrust value 169_A	60.2	60.2	60.1	59.9	69.4	59.1	55.4	62.7	56.2	62.3	54.4	58.5	52.1	50.7	52.1	49	47.6	45.4	43.3	42.4	41.4	37.3	34.3	30.2	304.8
Cessna 182H / Continental O-470-R:Thrust value 244_A	60.5	60.5	60.4	60.3	70	59.5	55.8	63.3	56.6	62.3	54.4	61	51.9	50.6	51.8	49	47.7	45.6	43.5	42.5	41.5	37.5	34.5	30.5	304.8
Cessna 182H / Continental O-470-R:Thrust value 533_D	53.3	53.3	53.3	53.3	52.7	55.5	61.9	66.6	68.7	66	75.9	68.8	68.4	66.7	65.3	64.2	62.8	61.7	60.2	58.2	57	54.6	50.5	46.9	304.8
Cessna 182H / Continental O-470-R:Thrust value 640_D	60.8	60.8	60.8	60.8	60.2	62.9	68.6	71.5	72.1	70.6	72.7	73.7	75.2	75.3	74.8	74.6	73.9	73.9	72.4	68.3	66.4	63	58.2	54.4	304.8
Bell 206B-3:Center_A	56.5	56.5	56.5	56.5	57.5	58.6	67.9	71.3	72.5	70.3	70.2	73.3	72	70.8	75	65.6	63.5	63	58.6	55.5	52.7	47.6	42.8	39.2	304.8
Bell 206B-3:Center_D	55.5	55.5	55.5	55.4	57.5	52	55.4	61.3	66.6	60.6	60.9	65.2	60.4	59.7	57.4	56.1	54.9	54.6	55.8	56.7	51.3	48	41.2	37	304.8
Bell 206B-3:Center_L	66.7	66.6	66.4	65.8	67.7	57.5	57.4	58.7	56.4	60.6	60.3	63.1	64.2	64.1	63.3	59.2	56.7	62.8	53.7	51.1	46.4	41	34	27.2	304.8
Cessna T206H / Lycoming TIO-540-AJ1A:Thrust value 1900_A	63.8	63.8	63.7	63.5	72.5	62.6	58.9	65.9	59.8	66.9	58.3	58.1	54.5	52.7	52.7	50.4	49.3	47.6	46	45.5	45.1	57.1	38.2	34	304.8
Cessna T206H / Lycoming TIO-540-AJ1A:Thrust value 2300_A	70.3	70.2	70.1	69.7	77.4	68.3	64.8	70.5	65.2	69.5	64.1	66.1	62.5	60.8	61.9	59.1	58	56	54.1	53.4	61.7	47.8	44.6	40.4	304.8
Cessna T206H / Lycoming TIO-540-AJ1A:Thrust value 2400_D	50.7	50.7	50.7	50.7	53.1	59.1	77.5	71.2	62.4	73.8	65.6	63.7	63.2	64.6	64.9	65.6	57.8	52	48.7	46.4	43.7	41.9	38.9	37	304.8
Cessna T206H / Lycoming TIO-540-AJ1A:Thrust value 2500_D	55.1	55.1	55.1	55.1	57.5	63.5	81.7	75.6	66.8	79	70.3	68.4	68	69.4	69.5	68.8	61.7	56.2	52.9	50.7	48.1	46.3	43.2	41.4	304.8